gen	Best_Fitness	Mean_Fitness	Mean_Fitness_Elite
0	2.0073	2.0030	2.0050
1	2.0102	2.0036	2.0057
2	2.0133	2.0043	2.0068
3	2.0139	2.0033	2.0084
4	2.0200	2.0003	2.0102
5	2.0232	1.9852	2.0124
6	2.0232	1.9381	2.0151
7	2.0281	1.9147	2.0176
8	2.0301	1.8668	2.0204
9	2.0361	1.8501	2.0227
10	2.0380	1.8347	2.0247
11	2.0380	1.8294	2.0258
12	2.0515	1.8130	2.0283
13	2.0515	1.8202	2.0304
14	2.0515	1.8202	2.0312
15	2.0515	1.8504	2.0326
16	2.0515	1.8220	2.0332
17	2.0515	1.8342	2.0344
18	2.0515	1.8219	2.0352
19	2.0515	1.8259	2.0366
20	2.0542	1.8532	2.0377
21	2.0542	1.8352	2.0383
22	2.0542	1.8714	2.0393
23	2.0542	1.8631	2.0402
24	2.0542	1.8441	2.0408
25	2.0542	1.8465	2.0418
26	2.0542	1.8563	2.0423
27	2.0542	1.8518	2.0431
28	2.0542	1.8708	2.0436
29	2.0542	1.8914	2.0440
30	2.0576	1.8822	2.0449
31	2.0601	1.8707	2.0462
32	2.0635	1.8699	2.0471
33	2.0635	1.8719	2.0477
34	2.0635	1.8592	2.0485
35	2.0635	1.8628	2.0492
36	2.0635	1.8582	2.0499
37	2.0635	1.8745	2.0511
38	2.0635	1.8826	2.0517
39	2.0635	1.8624	2.0527
40	2.0635	1.8720	2.0533
41	2.0649	1.8664	2.0538
42	2.0649	1.8469	2.0544
43	2.0649	1.8470	2.0548
44	2.0767	1.8531	2.0559
45	2.0767	1.8492	2.0566
46	2.0767	1.8626	2.0574
47	2.0767	1.8778	2.0583
48	2.0767	1.8567	2.0589
49	2.0767	1.8713	2.0600
50	2.0767	1.8781	2.0615
51	2.0767	1.8980	2.0625
52	2.0767	1.8863	2.0637
53	2.0767	1.8736	2.0645
54	2.0812	1.8928	2.0664
55	2.0812	1.8785	2.0674
56	2.0812	1.9087	2.0683
57	2.0832	1.9271	2.0694
58	2.0832	1.9281	2.0703
59	2.0832	1.9414	2.0714
60	2.0832	1.9507	2.0723
61	2.0832	1.9785	2.0730
62	2.0832	1.9908	2.0735
63	2.0832	1.9680	2.0742
64	2.0832	1.9881	2.0746
65	2.0832	1.9690	2.0751
66	2.0832	1.9912	2.0757
67	2.0832	1.9830	2.0765
68	2.0832	1.9790	2.0768
69	2.0860	1.9765	2.0773
70	2.0860	1.9878	2.0778
71	2.0860	1.9862	2.0785
72	2.0860	1.9882	2.0793
73	2.0865	1.9957	2.0797
74	2.0865	2.0011	2.0800
75	2.0865	2.0015	2.0804
76	2.0903	2.0074	2.0811
77	2.0903	2.0119	2.0813
78	2.0903	1.9940	2.0817
79	2.0903	2.0075	2.0821
80	2.0903	1.9954	2.0824
81	2.0903	1.9954	2.0828
82	2.0903	2.0067	2.0832
83	2.0903	2.0020	2.0834
84	2.0903	2.0039	2.0836
85	2.0910	2.0028	2.0840
86	2.0910	1.9948	2.0843
87	2.0913	1.9911	2.0847
88	2.0933	1.9962	2.0852
89	2.0947	2.0004	2.0856
90	2.0947	2.0023	2.0859
91	2.0947	1.9979	2.0864
92	2.0947	2.0092	2.0869
93	2.0998	2.0117	2.0877
94	2.0998	2.0090	2.0888
95	2.0998	2.0129	2.0895
96	2.0998	1.9992	2.0902
97	2.0998	2.0173	2.0905
98	2.0998	2.0150	2.0910
99	2.0999	2.0046	2.0914
100	2.0999	2.0050	2.0920
101	2.0999	2.0033	2.0923
102	2.0999	2.0134	2.0927
103	2.0999	2.0118	2.0928
104	2.0999	2.0030	2.0930
105	2.0999	1.9967	2.0933
106	2.0999	2.0044	2.0934
107	2.1023	2.0041	2.0937
108	2.1023	1.9991	2.0939
109	2.1023	2.0061	2.0941
110	2.1023	1.9904	2.0942
111	2.1023	1.9996	2.0943
112	2.1023	1.9963	2.0944
113	2.1023	1.9946	2.0945
114	2.1023	1.9941	2.0946
115	2.1023	1.9885	2.0947
116	2.1023	1.9985	2.0949
117	2.1023	1.9912	2.0949
118	2.1023	1.9864	2.0950
119	2.1023	1.9806	2.0951
120	2.1023	1.9975	2.0952
121	2.1023	2.0014	2.0952
122	2.1023	1.9916	2.0953
123	2.1023	2.0120	2.0953
124	2.1023	1.9987	2.0953
125	2.1023	1.9970	2.0953
126	2.1023	1.9865	2.0953
127	2.1023	1.9437	2.0953
128	2.1023	1.9582	2.0954
129	2.1023	1.9690	2.0954
130	2.1023	1.9801	2.0954
131	2.1023	1.9838	2.0955
132	2.1023	1.9700	2.0955
133	2.1023	1.9798	2.0955
134	2.1023	1.9616	2.0955
135	2.1023	1.9826	2.0955
136	2.1023	2.0020	2.0956
137	2.1023	1.9955	2.0957
138	2.1023	2.0120	2.0948
139	2.1023	1.9964	2.0956
140	2.1024	1.9926	2.0957
141	2.1024	1.9762	2.0957
142	2.1024	1.9617	2.0958
143	2.1024	1.9731	2.0959
144	2.1024	1.9802	2.0959
145	2.1024	1.9852	2.0959
146	2.1024	1.9703	2.0959
147	2.1024	1.9770	2.0959
148	2.1024	2.0004	2.0959
149	2.1024	2.0020	2.0959
150	2.1024	1.9901	2.0959
151	2.1024	1.9886	2.0960
152	2.1024	1.9916	2.0961
153	2.1024	1.9808	2.0961
154	2.1024	1.9924	2.0961
155	2.1024	1.9994	2.0962
156	2.1024	2.0121	2.0962
157	2.1024	1.9992	2.0962
158	2.1024	1.9642	2.0962
159	2.1024	1.9593	2.0963
160	2.1024	1.9574	2.0963
161	2.1024	1.9691	2.0964
162	2.1024	1.9711	2.0965
163	2.1024	1.9655	2.0966
164	2.1024	1.9766	2.0966
165	2.1024	1.9723	2.0966
166	2.1024	1.9704	2.0966
167	2.1024	1.9692	2.0967
168	2.1024	1.9752	2.0967
169	2.1024	1.9919	2.0967
170	2.1024	1.9742	2.0968
171	2.1024	2.0104	2.0968
172	2.1024	2.0044	2.0968
173	2.1024	1.9902	2.0968
174	2.1024	1.9758	2.0968
175	2.1024	1.9666	2.0968
176	2.1024	1.9684	2.0968
177	2.1024	1.9711	2.0968
178	2.1024	1.9624	2.0968
179	2.1024	1.9689	2.0969
180	2.1024	1.9733	2.0969
181	2.1024	2.0026	2.0055
182	2.1024	1.9987	2.0069
183	2.1024	1.9852	2.0084
184	2.1024	1.9542	2.0103
185	2.1024	1.8841	2.0115
186	2.1024	1.8351	2.0133
187	2.1024	1.7688	2.0149
188	2.1024	1.7353	2.0158
189	2.1024	1.7511	2.0179
190	2.1024	1.7563	2.0191
191	2.1024	1.7433	2.0203
