gen	Best_Fitness	Mean_Fitness	Mean_Fitness_Elite
0	2.0143	2.0009	2.0086
1	2.0156	1.9948	2.0097
2	2.0193	1.9755	2.0115
3	2.0193	1.9516	2.0128
4	2.0219	1.9108	2.0140
5	2.0219	1.8688	2.0154
6	2.0224	1.8219	2.0164
7	2.0236	1.8364	2.0177
8	2.0298	1.8224	2.0191
9	2.0299	1.8535	2.0204
10	2.0307	1.7904	2.0216
11	2.0325	1.8049	2.0230
12	2.0372	1.8160	2.0247
13	2.0379	1.8120	2.0262
14	2.0389	1.8103	2.0276
15	2.0389	1.8239	2.0287
16	2.0407	1.8489	2.0303
17	2.0407	1.8638	2.0314
18	2.0410	1.8077	2.0323
19	2.0423	1.8257	2.0331
20	2.0515	1.8495	2.0341
21	2.0515	1.8679	2.0350
22	2.0515	1.8582	2.0365
23	2.0515	1.8597	2.0374
24	2.0515	1.8716	2.0389
25	2.0515	1.8514	2.0398
26	2.0515	1.8865	2.0406
27	2.0515	1.8811	2.0412
28	2.0577	1.8769	2.0426
29	2.0577	1.8813	2.0443
30	2.0608	1.8720	2.0456
31	2.0654	1.8837	2.0474
32	2.0654	1.8812	2.0486
33	2.0659	1.8544	2.0505
34	2.0659	1.8859	2.0522
35	2.0659	1.8882	2.0543
36	2.0678	1.9020	2.0556
37	2.0697	1.8745	2.0571
38	2.0710	1.9111	2.0582
39	2.0722	1.9080	2.0592
40	2.0732	1.9425	2.0603
41	2.0732	1.9387	2.0614
42	2.0732	1.9358	2.0625
43	2.0732	1.9397	2.0633
44	2.0740	1.9510	2.0640
45	2.0740	1.9704	2.0651
46	2.0740	1.9519	2.0661
47	2.0740	1.9610	2.0664
48	2.0740	1.9605	2.0668
49	2.0740	1.9734	2.0672
50	2.0740	1.9793	2.0680
51	2.0763	1.9581	2.0687
52	2.0772	1.9565	2.0695
53	2.0772	1.9659	2.0703
54	2.0772	1.9688	2.0712
55	2.0772	1.9798	2.0720
56	2.0783	1.9669	2.0726
57	2.0783	1.9772	2.0732
58	2.0783	1.9932	2.0736
59	2.0806	1.9738	2.0740
60	2.0806	1.9710	2.0745
61	2.0806	1.9838	2.0747
62	2.0806	1.9770	2.0749
63	2.0806	1.9646	2.0754
64	2.0806	1.9821	2.0758
65	2.0806	1.9828	2.0762
66	2.0806	1.9809	2.0765
67	2.0857	1.9763	2.0769
68	2.0857	1.9685	2.0772
69	2.0857	1.9755	2.0777
70	2.0857	1.9672	2.0777
71	2.0857	1.9806	2.0780
72	2.0857	1.9690	2.0781
73	2.0857	1.9843	2.0781
74	2.0857	1.9750	2.0783
75	2.0857	1.9461	2.0784
76	2.0857	1.9587	2.0784
77	2.0857	1.9813	2.0785
78	2.0857	1.9713	2.0787
79	2.0857	1.9859	2.0788
80	2.0857	1.9765	2.0788
81	2.0857	1.9638	2.0789
82	2.0857	1.9988	2.0790
83	2.0857	1.9800	2.0790
84	2.0857	1.9447	2.0790
85	2.0857	1.9494	2.0790
86	2.0857	1.9346	2.0790
87	2.0857	1.9346	2.0790
88	2.0857	1.9235	2.0791
89	2.0857	1.9427	2.0791
90	2.0857	1.9579	2.0792
91	2.0857	1.9655	2.0792
92	2.0857	1.9554	2.0793
93	2.0857	1.9541	2.0794
94	2.0857	1.9695	2.0794
95	2.0857	1.9577	2.0794
96	2.0857	1.9693	2.0795
97	2.0857	1.9708	2.0796
98	2.0857	1.9876	2.0796
99	2.0857	1.9704	2.0796
100	2.0857	1.9365	2.0796
101	2.0862	1.9040	2.0797
102	2.0862	1.9177	2.0797
103	2.0862	1.9191	2.0797
104	2.0862	1.9425	2.0798
105	2.0862	1.9638	2.0798
106	2.0862	1.9645	2.0799
107	2.0862	1.9652	2.0799
108	2.0862	1.9734	2.0800
109	2.0862	1.9732	2.0800
110	2.0862	1.9749	2.0800
111	2.0862	1.9778	2.0801
112	2.0862	1.9728	2.0801
113	2.0880	1.9566	2.0802
114	2.0880	1.9763	2.0802
115	2.0880	1.9901	2.0802
116	2.0880	1.9822	2.0802
117	2.0880	1.9815	2.0803
118	2.0880	1.9866	2.0803
119	2.0880	1.9735	2.0803
120	2.0880	1.9843	2.0803
121	2.0880	1.9593	2.0804
122	2.0880	1.9832	2.0804
123	2.0880	1.9692	2.0805
124	2.0880	1.9582	2.0805
125	2.0880	1.9749	2.0805
126	2.0880	1.9645	2.0805
127	2.0880	1.9624	2.0805
128	2.0880	1.9720	2.0806
129	2.0880	1.9721	2.0806
130	2.0880	1.9739	2.0806
131	2.0880	1.9400	2.0806
132	2.0880	1.9438	2.0806
133	2.0880	1.9402	2.0806
134	2.0880	1.9395	2.0806
135	2.0880	1.9485	2.0806
136	2.0880	1.9448	2.0807
137	2.0880	1.9649	2.0807
138	2.0880	1.9641	2.0807
139	2.0880	1.9611	2.0807
140	2.0880	1.9585	2.0807
141	2.0880	1.9741	2.0807
142	2.0880	1.9673	2.0807
143	2.0880	1.9794	2.0807
144	2.0880	1.9882	2.0807
145	2.0880	1.9552	2.0807
146	2.0880	1.9460	2.0807
147	2.0880	1.9250	2.0807
148	2.0880	1.9349	2.0807
149	2.0880	1.9480	2.0808
150	2.0880	1.9633	2.0808
151	2.0880	1.9450	2.0808
152	2.0880	1.9531	2.0808
153	2.0880	1.9717	2.0808
154	2.0880	1.9680	2.0081
155	2.0880	1.9780	2.0098
156	2.0880	1.9340	2.0118
157	2.0880	1.8689	2.0129
158	2.0880	1.8023	2.0140
159	2.0880	1.7709	2.0152
160	2.0880	1.7354	2.0164
161	2.0880	1.7441	2.0176
162	2.0880	1.7381	2.0191
163	2.0880	1.7820	2.0206
164	2.0880	1.7776	2.0215
