gen	Best_Fitness	Mean_Fitness	Mean_Fitness_Elite
0	2.0139	2.0027	2.0046
1	2.0139	2.0032	2.0052
2	2.0192	2.0039	2.0063
3	2.0192	2.0046	2.0077
4	2.0192	2.0054	2.0093
5	2.0237	2.0016	2.0120
6	2.0349	1.9948	2.0169
7	2.0463	1.9844	2.0212
8	2.0463	1.9477	2.0250
9	2.0539	1.9198	2.0286
10	2.0548	1.9003	2.0329
11	2.0562	1.8668	2.0351
12	2.0562	1.8721	2.0375
13	2.0562	1.8458	2.0388
14	2.0562	1.8496	2.0400
15	2.0562	1.8486	2.0411
16	2.0685	1.8378	2.0432
17	2.0685	1.8359	2.0448
18	2.0685	1.8449	2.0459
19	2.0685	1.8395	2.0478
20	2.0685	1.8343	2.0492
21	2.0693	1.8388	2.0506
22	2.0783	1.8283	2.0528
23	2.0783	1.8183	2.0537
24	2.0783	1.8287	2.0544
25	2.0783	1.8362	2.0557
26	2.0783	1.8167	2.0568
27	2.0783	1.8335	2.0581
28	2.0783	1.8079	2.0594
29	2.0783	1.8295	2.0598
30	2.0783	1.8463	2.0603
31	2.1062	1.8433	2.0621
32	2.1062	1.8283	2.0632
33	2.1062	1.8720	2.0641
34	2.1062	1.8268	2.0652
35	2.1062	1.8366	2.0661
36	2.1062	1.8276	2.0673
37	2.1062	1.8570	2.0691
38	2.1062	1.8312	2.0701
39	2.1062	1.8467	2.0713
40	2.1062	1.8586	2.0723
41	2.1062	1.8531	2.0730
42	2.1062	1.8242	2.0737
43	2.1062	1.8550	2.0740
44	2.1062	1.8784	2.0749
45	2.1062	1.8606	2.0753
46	2.1062	1.8549	2.0763
47	2.1062	2.0098	2.0763
48	2.1062	1.9915	2.0764
49	2.1062	1.9723	2.0768
50	2.1062	1.9581	2.0769
51	2.1062	1.9381	2.0776
52	2.1062	1.8848	2.0782
53	2.1062	1.9125	2.0790
54	2.1062	1.8944	2.0792
55	2.1121	1.8799	2.0805
56	2.1141	1.8855	2.0818
57	2.1141	1.9071	2.0822
58	2.1141	1.9176	2.0832
59	2.1141	1.9259	2.0838
60	2.1141	1.8997	2.0848
61	2.1141	1.9293	2.0862
62	2.1141	1.9298	2.0869
63	2.1141	1.9131	2.0876
64	2.1141	1.9185	2.0883
65	2.1141	1.9408	2.0897
66	2.1141	1.9300	2.0905
67	2.1141	1.9496	2.0910
68	2.1143	1.9361	2.0922
69	2.1143	1.9547	2.0935
70	2.1143	1.9504	2.0943
71	2.1205	1.9423	2.0952
72	2.1205	1.9633	2.0963
73	2.1205	1.9385	2.0967
74	2.1205	1.9486	2.0972
75	2.1205	1.9715	2.0974
76	2.1205	1.9524	2.0977
77	2.1205	1.9646	2.0983
78	2.1205	1.9571	2.0990
79	2.1223	1.9661	2.1002
80	2.1223	1.9665	2.1009
81	2.1223	1.9679	2.1014
82	2.1223	1.9633	2.1019
83	2.1223	1.9597	2.1025
84	2.1223	1.9924	2.1029
85	2.1223	1.9810	2.1031
86	2.1223	1.9768	2.1034
87	2.1223	1.9746	2.1038
88	2.1223	1.9828	2.1042
89	2.1223	1.9872	2.1045
90	2.1223	1.9778	2.1052
91	2.1223	1.9690	2.1055
92	2.1223	1.9716	2.1057
93	2.1223	1.9736	2.1060
94	2.1223	1.9793	2.1066
95	2.1223	2.0129	2.1066
96	2.1223	1.9952	2.1066
97	2.1223	1.9889	2.1068
98	2.1223	1.9733	2.1069
99	2.1223	1.9520	2.1072
100	2.1223	1.9538	2.1074
101	2.1223	1.9596	2.1081
102	2.1223	1.9553	2.1084
103	2.1223	1.9616	2.1084
104	2.1223	1.9252	2.1085
105	2.1223	1.9445	2.1086
106	2.1223	1.9594	2.1089
107	2.1223	1.9658	2.1093
108	2.1223	1.9642	2.1096
109	2.1223	1.9736	2.1097
110	2.1318	2.0132	2.1098
111	2.1318	2.0039	2.1098
112	2.1318	1.9892	2.1098
113	2.1318	1.9711	2.1099
114	2.1318	1.9643	2.1099
115	2.1318	1.9548	2.1104
116	2.1318	1.9379	2.1106
117	2.1318	1.9412	2.1106
118	2.1318	1.9541	2.1107
119	2.1318	1.9629	2.1108
120	2.1318	1.9397	2.1110
121	2.1318	1.9473	2.1112
122	2.1318	1.9549	2.1113
123	2.1318	1.9497	2.1117
124	2.1318	1.9523	2.1118
125	2.1318	1.9618	2.1120
126	2.1318	2.0134	2.1120
127	2.1318	2.0051	2.1120
128	2.1452	1.9855	2.1125
129	2.1452	1.9509	2.1125
130	2.1452	1.9440	2.1129
131	2.1452	1.9256	2.1132
132	2.1452	1.9286	2.1133
133	2.1452	1.9394	2.1136
134	2.1452	1.9394	2.1137
135	2.1452	1.9335	2.1140
136	2.1452	1.9331	2.1140
137	2.1452	1.9479	2.1145
138	2.1452	1.9509	2.1146
139	2.1452	1.9578	2.1151
140	2.1452	1.9404	2.1153
141	2.1452	1.9351	2.1155
142	2.1452	1.9549	2.1158
143	2.1452	1.9418	2.1158
144	2.1452	2.0138	2.1158
145	2.1452	1.9969	2.1161
146	2.1452	1.9704	2.1163
147	2.1452	1.9490	2.1164
148	2.1452	1.9517	2.1164
149	2.1452	1.9354	2.1167
150	2.1452	1.9178	2.1169
151	2.1452	1.9171	2.1174
152	2.1452	1.9198	2.1179
153	2.1452	1.9164	2.1182
154	2.1511	1.9108	2.1190
155	2.1511	1.8968	2.1197
156	2.1511	1.9229	2.1198
157	2.1511	1.9203	2.1203
158	2.1511	1.8934	2.1208
159	2.1511	1.8845	2.1209
160	2.1511	1.9104	2.1211
161	2.1511	1.9049	2.1214
162	2.1511	1.9175	2.1215
163	2.1511	1.9207	2.1222
164	2.1511	1.8896	2.1222
165	2.1587	1.9052	2.1230
166	2.1587	1.9328	2.1231
167	2.1587	1.9141	2.1234
168	2.1587	1.9234	2.1253
169	2.1587	1.8991	2.1254
170	2.1658	1.9187	2.1271
171	2.1658	1.9172	2.1272
172	2.1658	1.9552	2.1282
173	2.1658	1.9473	2.1289
174	2.1658	1.9399	2.1292
175	2.1698	1.9214	2.1305
176	2.1698	1.9474	2.1308
177	2.1698	1.9557	2.1321
178	2.1698	1.9617	2.1329
179	2.1698	1.9629	2.1341
180	2.1698	1.9767	2.1361
181	2.1698	1.9807	2.1375
182	2.1698	1.9869	2.1392
183	2.1698	1.9785	2.1400
184	2.1698	1.9940	2.1401
185	2.1698	2.0074	2.1407
186	2.1698	2.0065	2.1412
187	2.1698	2.0104	2.1413
188	2.1698	2.0115	2.1416
189	2.1698	1.9970	2.1417
190	2.1698	2.0093	2.1417
191	2.1698	2.0164	2.1417
192	2.1698	2.0082	2.1417
193	2.1698	2.0059	2.1417
194	2.1698	1.9900	2.1417
195	2.1698	1.9977	2.1424
196	2.1698	1.9812	2.1424
197	2.1698	1.9849	2.1425
198	2.1698	1.9829	2.1426
199	2.1698	1.9778	2.1426
200	2.1826	1.9879	2.1431
201	2.1826	1.9814	2.1431
202	2.1826	1.9858	2.1434
203	2.1826	2.0051	2.1438
204	2.1826	2.0040	2.1442
205	2.1826	2.0027	2.1450
206	2.1826	1.9995	2.1453
207	2.1826	2.0124	2.1456
208	2.1826	2.0157	2.1462
209	2.1826	2.0056	2.1464
210	2.1826	2.0073	2.1469
211	2.1826	2.0152	2.1472
212	2.1826	2.0104	2.1475
213	2.1826	2.0221	2.1480
214	2.1826	2.0097	2.1481
215	2.1826	2.0147	2.1483
216	2.1826	2.0171	2.1483
217	2.1826	2.0106	2.1483
218	2.1826	1.9916	2.1484
219	2.1826	1.9865	2.1485
220	2.1826	1.9872	2.1490
221	2.1826	1.9821	2.1491
222	2.1826	1.9802	2.1496
223	2.1826	1.9894	2.1500
224	2.1826	1.9983	2.1501
225	2.1826	2.0003	2.1501
226	2.1826	1.9917	2.1505
227	2.1826	1.9923	2.1507
228	2.1826	2.0030	2.1509
229	2.1826	2.0009	2.1512
230	2.1826	1.9909	2.1514
231	2.1826	2.0173	2.1514
232	2.1826	2.0110	2.1514
233	2.1826	2.0008	2.1514
234	2.1826	1.9992	2.1514
235	2.1826	1.9860	2.1514
236	2.1826	1.9880	2.1515
237	2.1826	1.9808	2.1516
238	2.1826	1.9892	2.1516
239	2.1826	2.0081	2.1516
240	2.1826	2.0038	2.1516
241	2.1826	2.0026	2.0053
242	2.1826	2.0020	2.0061
243	2.1826	2.0025	2.0078
244	2.1826	1.9990	2.0101
245	2.1826	1.9642	2.0131
246	2.1826	1.9159	2.0156
247	2.1826	1.8600	2.0182
248	2.1826	1.7994	2.0201
249	2.1826	1.7783	2.0220
250	2.1826	1.7661	2.0243
251	2.1826	1.7848	2.0265
