gen	Best_Fitness	Mean_Fitness	Mean_Fitness_Elite
0	2.0180	2.0010	2.0102
1	2.0180	2.0025	2.0121
2	2.0186	1.9800	2.0138
3	2.0250	1.9478	2.0158
4	2.0250	1.8832	2.0173
5	2.0259	1.8616	2.0190
6	2.0312	1.8117	2.0209
7	2.0348	1.7892	2.0219
8	2.0348	1.7756	2.0229
9	2.0348	1.7884	2.0241
10	2.0348	1.7665	2.0254
11	2.0348	1.7771	2.0265
12	2.0348	1.7647	2.0274
13	2.0353	1.7958	2.0282
14	2.0369	1.7921	2.0292
15	2.0396	1.7682	2.0303
16	2.0396	1.8180	2.0311
17	2.0396	1.8080	2.0318
18	2.0396	1.7898	2.0325
19	2.0396	1.8177	2.0329
20	2.0396	1.8124	2.0335
21	2.0428	1.8098	2.0341
22	2.0461	1.7998	2.0348
23	2.0461	1.8157	2.0354
24	2.0492	1.7936	2.0360
25	2.0492	1.8000	2.0366
26	2.0492	1.8265	2.0372
27	2.0492	1.8222	2.0377
28	2.0492	1.8249	2.0382
29	2.0492	1.7989	2.0387
30	2.0492	1.8101	2.0392
31	2.0492	1.8396	2.0398
32	2.0492	1.8529	2.0404
33	2.0533	1.8524	2.0410
34	2.0533	1.8312	2.0415
35	2.0533	1.8392	2.0421
36	2.0533	1.8431	2.0426
37	2.0533	1.8487	2.0434
38	2.0533	1.8670	2.0439
39	2.0533	1.8627	2.0444
40	2.0533	1.8816	2.0450
41	2.0538	1.8703	2.0461
42	2.0538	1.8833	2.0466
43	2.0562	1.8915	2.0475
44	2.0575	1.9011	2.0486
45	2.0610	1.8862	2.0495
46	2.0610	1.9222	2.0508
47	2.0610	1.9330	2.0515
48	2.0610	1.9287	2.0523
49	2.0610	1.9193	2.0528
50	2.0610	1.9233	2.0532
51	2.0610	1.9091	2.0539
52	2.0629	1.9265	2.0549
53	2.0646	1.9399	2.0557
54	2.0646	1.9187	2.0562
55	2.0658	1.9428	2.0575
56	2.0658	1.9210	2.0582
57	2.0680	1.9307	2.0588
58	2.0680	1.9475	2.0596
59	2.0684	1.9567	2.0609
60	2.0706	1.9461	2.0618
61	2.0706	1.9549	2.0624
62	2.0706	1.9628	2.0629
63	2.0706	1.9581	2.0634
64	2.0706	1.9755	2.0642
65	2.0706	1.9866	2.0647
66	2.0706	1.9819	2.0652
67	2.0706	1.9851	2.0656
68	2.0709	1.9814	2.0661
69	2.0709	1.9856	2.0666
70	2.0722	1.9749	2.0671
71	2.0722	1.9693	2.0675
72	2.0722	1.9803	2.0679
73	2.0722	1.9877	2.0682
74	2.0722	1.9811	2.0685
75	2.0722	1.9809	2.0686
76	2.0722	1.9677	2.0689
77	2.0722	1.9823	2.0689
78	2.0722	1.9660	2.0690
79	2.0722	1.9674	2.0691
80	2.0722	1.9826	2.0692
81	2.0724	1.9802	2.0694
82	2.0724	1.9671	2.0696
83	2.0724	1.9880	2.0697
84	2.0724	1.9694	2.0698
85	2.0724	1.9730	2.0700
86	2.0733	1.9721	2.0701
87	2.0733	1.9881	2.0702
88	2.0733	1.9628	2.0702
89	2.0733	1.9728	2.0703
90	2.0733	1.9798	2.0703
91	2.0733	1.9582	2.0704
92	2.0733	2.0030	2.0704
93	2.0733	1.9859	2.0704
94	2.0733	1.9937	2.0704
95	2.0733	1.9845	2.0705
96	2.0733	1.9840	2.0705
97	2.0733	1.9703	2.0705
98	2.0733	1.9913	2.0705
99	2.0733	1.9880	2.0706
100	2.0733	1.9969	2.0706
101	2.0733	1.9813	2.0706
102	2.0733	1.9941	2.0706
103	2.0733	1.9833	2.0706
104	2.0733	1.9537	2.0706
105	2.0733	1.9279	2.0706
106	2.0733	1.9191	2.0707
107	2.0742	1.9408	2.0707
108	2.0742	1.9540	2.0708
109	2.0742	1.9696	2.0708
110	2.0742	1.9718	2.0708
111	2.0742	1.9830	2.0708
112	2.0742	1.9679	2.0708
113	2.0742	1.9581	2.0709
114	2.0742	1.9717	2.0709
115	2.0742	1.9689	2.0710
116	2.0742	1.9820	2.0710
117	2.0742	1.9878	2.0710
118	2.0742	1.9800	2.0710
119	2.0742	1.9788	2.0710
120	2.0742	1.9760	2.0710
121	2.0742	1.9737	2.0711
122	2.0742	1.9739	2.0711
123	2.0742	2.0012	2.0711
124	2.0742	1.9612	2.0711
125	2.0742	1.9491	2.0711
126	2.0742	1.9462	2.0711
127	2.0742	1.9190	2.0711
128	2.0742	1.9376	2.0712
129	2.0742	1.9410	2.0712
130	2.0742	1.9540	2.0713
131	2.0743	1.9798	2.0714
132	2.0743	1.9562	2.0715
133	2.0743	1.9538	2.0715
134	2.0743	1.9533	2.0715
135	2.0743	1.9563	2.0716
136	2.0743	1.9656	2.0716
137	2.0743	1.9710	2.0716
138	2.0743	1.9720	2.0717
139	2.0743	1.9836	2.0717
140	2.0743	1.9747	2.0717
141	2.0743	1.9703	2.0717
142	2.0743	1.9577	2.0718
143	2.0743	1.9804	2.0718
144	2.0743	1.9682	2.0718
145	2.0743	1.9630	2.0718
146	2.0743	1.9708	2.0718
147	2.0743	2.0008	2.0718
148	2.0743	1.9800	2.0718
149	2.0743	1.9538	2.0718
150	2.0743	1.9192	2.0719
151	2.0743	1.9351	2.0719
152	2.0743	1.9474	2.0719
153	2.0815	1.9517	2.0720
154	2.0833	1.9451	2.0722
155	2.0833	1.9449	2.0722
156	2.0833	1.9521	2.0723
157	2.0833	1.9610	2.0724
158	2.0833	1.9678	2.0725
159	2.0833	1.9629	2.0728
160	2.0833	1.9780	2.0729
161	2.0833	1.9763	2.0730
162	2.0833	1.9751	2.0732
163	2.0833	1.9826	2.0732
164	2.0833	1.9786	2.0734
165	2.0833	1.9909	2.0734
166	2.0833	1.9796	2.0736
167	2.0833	1.9894	2.0737
168	2.0833	1.9877	2.0740
169	2.0833	1.9692	2.0741
170	2.0833	1.9989	2.0741
171	2.0833	1.9786	2.0741
172	2.0833	1.9516	2.0742
173	2.0833	1.9281	2.0744
174	2.0833	1.9216	2.0745
175	2.0833	1.9325	2.0746
176	2.0833	1.9463	2.0747
177	2.0833	1.9486	2.0751
178	2.0833	1.9426	2.0755
179	2.0833	1.9525	2.0759
180	2.0833	1.9556	2.0761
181	2.0833	1.9474	2.0767
182	2.0833	1.9612	2.0768
183	2.0833	1.9604	2.0773
184	2.0833	1.9443	2.0775
185	2.0833	2.0018	2.0768
186	2.0833	1.9764	2.0776
187	2.0833	1.9463	2.0777
188	2.0833	1.9371	2.0778
189	2.0833	1.9145	2.0782
190	2.0833	1.9422	2.0784
191	2.0833	1.9493	2.0784
192	2.0833	1.9527	2.0786
193	2.0833	1.9694	2.0788
194	2.0833	1.9498	2.0790
195	2.0833	1.9957	2.0088
196	2.0833	1.9839	2.0107
197	2.0833	1.9138	2.0127
198	2.0833	1.8810	2.0144
199	2.0833	1.8440	2.0161
200	2.0833	1.8310	2.0176
201	2.0833	1.7549	2.0188
202	2.0833	1.7878	2.0201
203	2.0833	1.7307	2.0210
204	2.0833	1.7551	2.0223
205	2.0833	1.7222	2.0234
